image_width: 1276
image_height: 1022
camera_name: left
camera_matrix:
  rows: 3
  cols: 3
  data: [838.738165020013,0,627.410677357935,0,839.166097855684,495.617881508778,0,0,1]
distortion_model:
distortion_coefficients:
  rows: 1
  cols: 5
  data: [-0.229646331628227,0.100054948384061,0.00000693311624419222,-0.000242195169908951,0]
rectification_matrix:
  rows: 3
  cols: 3
  data: [0.999705605375089,0.00608206058541959,-0.0234885316838262,-0.00609331825439165,0.999981352435976,-0.000407741300017172,0.0234856137726379,0.000550744362048007,0.999724023231597]
projection_matrix:
  rows: 3
  cols: 4
  data: [656,0,655.367917003279,0,0,656,511.165951167473,0,0,0,1,0]
