image_width: 1276
image_height: 1022
camera_name: left
camera_matrix:
  rows: 3
  cols: 3
  data: [839.745441,0.000000,634.827744,0.000000,840.046507,492.595432,0.000000,0.000000,1.000000]
distortion_model: plumb_bob
distortion_coefficients:
  rows: 1
  cols: 5
  data: [-0.227331 0.096029 -0.000463 0.000491 0.000000]
rectification_matrix:
  rows: 3
  cols: 3
  data: [0.999992,0.003817,0.001053,-0.003812,0.999982,-0.004583,-0.001070,0.004579,0.999989]
projection_matrix:
  rows: 3
  cols: 4
  data: [703.185025,0.000000,624.976860,0.000000,0.000000,703.185025,509.012985,0.000000,0.000000,0.000000,1.000000,0.000000]
