image_width: 1276
image_height: 1022
camera_name: left
camera_matrix:
  rows: 3
  cols: 3
  data: [853.17826,0,633.80100,0,855.19390,489.73472,0,0,1]
distortion_model: plumb_bob
distortion_coefficients:
  rows: 1
  cols: 5
  data: [-0.22254,0.09866,-0.00158,-0.00054,0]
rectification_matrix:
  rows: 3
  cols: 3
  data: [1,0,0,0,1,0,0,0,1]
projection_matrix:
  rows: 3
  cols: 4
  data: [853.17826,0,633.80100,0,0,855.19390,489.73472,0,0,0,1,0]
