image_width: 1276
image_height: 1022
camera_name: left
camera_matrix:
  rows: 3
  cols: 3
  data: [841.619497,0.000000,626.041497,0.000000,842.767758,484.298746,0.000000,0.000000,1.000000]
distortion_model: plumb_bob
distortion_coefficients:
  rows: 1
  cols: 5
  data: [-0.218000,0.081611,-0.001157,-0.000736,0.000000]
rectification_matrix:
  rows: 3
  cols: 3
  data: [0.985826,-0.124611,0.112336,0.125155,0.992135,0.002221,-0.111729,0.011870,0.993668]
projection_matrix:
  rows: 3
  cols: 4
  data: [957.933654,0.000000,498.341274,0.000000,0.000000,957.933654,485.168732,0.000000,0.000000,0.000000,1.000000,0.000000]
