image_width: 1276
image_height: 1022
camera_name: left
camera_matrix:
  rows: 3
  cols: 3
  data: [843.083737,0.000000,635.922913,0.000000,843.744066,492.703494,0.000000,0.000000,1.000000]
distortion_model: plumb_bob
distortion_coefficients:
  rows: 1
  cols: 5
  data: [-0.221912,0.094941,-0.000010,0.000203,0.000000]
rectification_matrix:
  rows: 3
  cols: 3
  data: [0.998910,0.043883,-0.015932,-0.043886,0.999037,0.000134,0.015922,0.000566,0.999873]
projection_matrix:
  rows: 3
  cols: 4
  data: [807.283546,0.000000,647.819313,0.000000,0.000000,807.283546,506.421185,0.000000,0.000000,0.000000,1.000000,0.000000]
