image_width: 1276
image_height: 1022
camera_name: left
camera_matrix:
  rows: 3
  cols: 3
  data: [838.365433,0.000000,625.434989,0.000000,839.395108,489.410465,0.000000,0.000000,1.000000]
distortion_model: plumb_bob
distortion_coefficients:
  rows: 1
  cols: 5
  data: [-0.220685,0.086017,0.000287,0.000391,0.000000]
rectification_matrix:
  rows: 3
  cols: 3
  data: [0.994750,-0.090329,0.048092,0.090516,0.995894,-0.001714,-0.047739,0.006059,0.998841]
projection_matrix:
  rows: 3
  cols: 4
  data: [871.209582,0.000000,572.632923,0.000000,0.000000,871.209582,504.115269,0.000000,0.000000,0.000000,1.000000,0.000000]
