image_width: 1276
image_height: 1022
camera_name: left
camera_matrix:
  rows: 3
  cols: 3
  data: [840.105431,0.000000,630.120823,0.000000,840.677137,491.586239,0.000000,0.000000,1.000000]
distortion_model: plumb_bob
distortion_coefficients:
  rows: 1
  cols: 5
  data: [-0.225968,0.093126,-0.001164,-0.000444,0.000000]
rectification_matrix:
  rows: 3
  cols: 3
  data: [0.999923,0.001428,-0.012325,-0.001498,0.999983,-0.005625,0.012316,0.005643,0.999908]
projection_matrix:
  rows: 3
  cols: 4
  data: [793.964830,0.000000,636.467941,0.000000,0.000000,793.964830,507.082741,0.000000,0.000000,0.000000,1.000000,0.000000]
