image_width: 1276
image_height: 1022
camera_name: right
camera_matrix:
  rows: 3
  cols: 3
  data: [842.311113,0.000000,625.017588,0.000000,843.007294,518.523853,0.000000,0.000000,1.000000]
distortion_model: plumb_bob
distortion_coefficients:
  rows: 1
  cols: 5
  data: [-0.220055,0.090764,0.000514,0.000255,0.000000]
rectification_matrix:
  rows: 3
  cols: 3
  data: [0.999359,0.033741,-0.012000,-0.033738,0.999431,0.000419,0.012007,-0.000014,0.999928]
projection_matrix:
  rows: 3
  cols: 4
  data: [807.283546,0.000000,647.819313,-40.714356,0.000000,807.283546,506.421185,0.000000,0.000000,0.000000,1.000000,0.000000]
