image_width: 1276
image_height: 1022
camera_name: right
camera_matrix:
  rows: 3
  cols: 3
  data: [839.188941,0.000000,614.503214,0.000000,840.248645,511.148117,0.000000,0.000000,1.000000]
distortion_model: plumb_bob
distortion_coefficients:
  rows: 1
  cols: 5
  data: [-0.218351,0.081342,-0.000671,-0.000753,0.000000]
rectification_matrix:
  rows: 3
  cols: 3
  data: [0.986795,-0.134245,0.090635,0.133803,0.990947,0.010961,-0.091286,0.001311,0.995824]
projection_matrix:
  rows: 3
  cols: 4
  data: [957.933654,0.000000,498.341274,-56.242292,0.000000,957.933654,485.168732,0.000000,0.000000,0.000000,1.000000,0.000000]
