image_width: 1276
image_height: 1022
camera_name: right
camera_matrix:
  rows: 3
  cols: 3
  data: [836.303139,0.000000,614.727637,0.000000,837.334144,516.649906,0.000000,0.000000,1.000000]
distortion_model: plumb_bob
distortion_coefficients:
  rows: 1
  cols: 5
  data: [-0.223566,0.085875,-0.000644,-0.002234,0.000000]
rectification_matrix:
  rows: 3
  cols: 3
  data: [0.989204,0.141315,0.038810,-0.141313,0.989961,-0.002824,-0.038819,-0.002691,0.999243]
projection_matrix:
  rows: 3
  cols: 4
  data: [959.290598,0.000000,579.111710,0.000000,0.000000,959.290598,508.023232,0.000000,0.000000,0.000000,1.000000,0.000000]
