image_width: 1276
image_height: 1022
camera_name: right
camera_matrix:
  rows: 3
  cols: 3
  data: [838.535364,0.000000,626.369264,0.000000,838.582465,524.615331,0.000000,0.000000,1.000000]
distortion_model: plumb_bob
distortion_coefficients:
  rows: 1
  cols: 5
  data: [-0.225408,0.092261,0.000728,0.000363,0.000000]
rectification_matrix:
  rows: 3
  cols: 3
  data: [0.999868,-0.011836,0.011124,0.011785,0.999920,0.004647,-0.011178,-0.004515,0.999927]
projection_matrix:
  rows: 3
  cols: 4
  data: [703.185025,0.000000,624.976860,-141.098093,0.000000,703.185025,509.012985,0.000000,0.000000,0.000000,1.000000,0.000000]
