image_width: 1276
image_height: 1022
camera_name: right
camera_matrix:
  rows: 3
  cols: 3
  data: [836.607830,0.000000,623.834742,0.000000,837.041424,520.573733,0.000000,0.000000,1.000000]
distortion_model: plumb_bob
distortion_coefficients:
  rows: 1
  cols: 5
  data: [-0.221158,0.086519,0.000703,0.000192,0.000000]
rectification_matrix:
  rows: 3
  cols: 3
  data: [0.994442,-0.091987,0.051226,0.091786,0.995759,0.006254,-0.051584,-0.001518,0.998668]
projection_matrix:
  rows: 3
  cols: 4
  data: [871.209582,0.000000,572.632923,-41.453988,0.000000,871.209582,504.115269,0.000000,0.000000,0.000000,1.000000,0.000000]
