image_width: 1276
image_height: 1022
camera_name: right
camera_matrix:
  rows: 3
  cols: 3
  data: [842.311113,0.000000,625.017588,0.000000,843.007294,518.523853,0.000000,0.000000,1.000000]
distortion_model: plumb_bob
distortion_coefficients:
  rows: 1
  cols: 5
  data: [-0.224330,0.090621,-0.000169,-0.000734,0.000000]
rectification_matrix:
  rows: 3
  cols: 3
  data: [0.999874,-0.014723,-0.005974,0.014757,0.999875,0.005590,0.005891,-0.005677,0.999967]
projection_matrix:
  rows: 3
  cols: 4
  data: [793.964830,0.000000,636.467941,-162.444896,0.000000,793.964830,507.082741,0.000000,0.000000,0.000000,1.000000,0.000000]
