# oST version 5.0 parameters


[image]

width
1276

height
1022

[narrow_stereo/left]

camera matrix
838.365433 0.000000 625.434989
0.000000 839.395108 489.410465
0.000000 0.000000 1.000000

distortion
-0.225735 0.089680 -0.001145 -0.002329 0.000000

rectification
0.989204 0.141315 0.038810
-0.141313 0.989961 -0.002824
-0.038819 -0.002691 0.999243

projection
959.290598 0.000000 579.111710 0.000000
0.000000 959.290598 508.023232 0.000000
0.000000 0.000000 1.000000 0.000000

# oST version 5.0 parameters


[image]

width
1276

height
1022

[narrow_stereo/right]

camera matrix
836.303139 0.000000 614.727637
0.000000 837.334144 516.649906
0.000000 0.000000 1.000000

distortion
-0.223566 0.085875 -0.000644 -0.002234 0.000000

rectification
0.990842 0.133081 0.022830
-0.133082 0.991104 -0.001459
-0.022821 -0.001592 0.999738

projection
959.290598 0.000000 579.111710 -50.990370
0.000000 959.290598 508.023232 0.000000
0.000000 0.000000 1.000000 0.000000

