# oST version 5.0 parameters


[image]

width
1276

height
1022

[narrow_stereo/left]

camera matrix
839.372270 0.000000 627.960388
0.000000 839.966192 491.599975
0.000000 0.000000 1.000000

distortion
-0.216993 0.081968 -0.001269 -0.000244 0.000000

rectification
0.969486 -0.099368 0.224106
0.100106 0.994944 0.008094
-0.223777 0.014587 0.974531

projection
1003.309941 0.000000 336.553944 0.000000
0.000000 1003.309941 484.623882 0.000000
0.000000 0.000000 1.000000 0.000000

# oST version 5.0 parameters


[image]

width
1276

height
1022

[narrow_stereo/right]

camera matrix
837.227799 0.000000 616.482783
0.000000 837.804027 518.297238
0.000000 0.000000 1.000000

distortion
-0.217342 0.081621 -0.000829 -0.000252 0.000000

rectification
0.969553 -0.102058 0.222599
0.101324 0.994744 0.014748
-0.222935 0.008255 0.974798

projection
1003.309941 0.000000 336.553944 -33.838101
0.000000 1003.309941 484.623882 0.000000
0.000000 0.000000 1.000000 0.000000

