# oST version 5.0 parameters


[image]

width
1276

height
1022

[narrow_stereo/left]

camera matrix
841.619497 0.000000 626.041497
0.000000 842.767758 484.298746
0.000000 0.000000 1.000000

distortion
-0.218000 0.081611 -0.001157 -0.000736 0.000000

rectification
0.985826 -0.124611 0.112336
0.125155 0.992135 0.002221
-0.111729 0.011870 0.993668

projection
957.933654 0.000000 498.341274 0.000000
0.000000 957.933654 485.168732 0.000000
0.000000 0.000000 1.000000 0.000000

# oST version 5.0 parameters


[image]

width
1276

height
1022

[narrow_stereo/right]

camera matrix
839.188941 0.000000 614.503214
0.000000 840.248645 511.148117
0.000000 0.000000 1.000000

distortion
-0.218351 0.081342 -0.000671 -0.000753 0.000000

rectification
0.986795 -0.134245 0.090635
0.133803 0.990947 0.010961
-0.091286 0.001311 0.995824

projection
957.933654 0.000000 498.341274 -56.242292
0.000000 957.933654 485.168732 0.000000
0.000000 0.000000 1.000000 0.000000

