# oST version 5.0 parameters


[image]

width
1276

height
1022

[narrow_stereo/left]

camera matrix
838.089198 0.000000 631.091246
0.000000 838.899239 492.140368
0.000000 0.000000 1.000000

distortion
-0.220600 0.085974 -0.000743 -0.000232 0.000000

rectification
0.998015 0.060054 -0.018948
-0.060072 0.998194 -0.000387
0.018891 0.001524 0.999820

projection
815.613242 0.000000 655.231796 0.000000
0.000000 815.613242 504.795246 0.000000
0.000000 0.000000 1.000000 0.000000

# oST version 5.0 parameters


[image]

width
1276

height
1022

[narrow_stereo/right]

camera matrix
836.749338 0.000000 619.468581
0.000000 837.440328 518.945155
0.000000 0.000000 1.000000

distortion
-0.220829 0.085219 -0.000236 -0.000222 0.000000

rectification
0.997982 0.055143 -0.031475
-0.055113 0.998478 0.001824
0.031528 -0.000086 0.999503

projection
815.613242 0.000000 655.231796 -36.886370
0.000000 815.613242 504.795246 0.000000
0.000000 0.000000 1.000000 0.000000

