# oST version 5.0 parameters


[image]

width
1276

height
1022

[narrow_stereo/left]

camera matrix
836.898843 0.000000 629.226682
0.000000 837.625586 488.104387
0.000000 0.000000 1.000000

distortion
-0.220212 0.084789 -0.000889 -0.000192 0.000000

rectification
0.967597 0.238229 0.083683
-0.238351 0.971140 -0.008677
-0.083336 -0.011550 0.996455

projection
1217.524304 0.000000 529.520321 0.000000
0.000000 1217.524304 517.296246 0.000000
0.000000 0.000000 1.000000 0.000000

# oST version 5.0 parameters


[image]

width
1276

height
1022

[narrow_stereo/right]

camera matrix
834.731372 0.000000 617.237674
0.000000 835.460828 514.909437
0.000000 0.000000 1.000000

distortion
-0.219837 0.084048 -0.000364 -0.000226 0.000000

rectification
0.970083 0.231966 0.071629
-0.231861 0.972699 -0.009889
-0.071967 -0.007015 0.997382

projection
1217.524304 0.000000 529.520321 -53.800654
0.000000 1217.524304 517.296246 0.000000
0.000000 0.000000 1.000000 0.000000

