# oST version 5.0 parameters


[image]

width
1276

height
1022

[narrow_stereo/left]

camera matrix
837.966600 0.000000 627.527876
0.000000 838.647619 487.119750
0.000000 0.000000 1.000000

distortion
-0.220991 0.084244 -0.000818 -0.000126 0.000000

rectification
0.974976 0.203102 0.090401
-0.203073 0.979116 -0.009614
-0.090465 -0.008985 0.995859

projection
1127.280555 0.000000 517.654781 0.000000
0.000000 1127.280555 515.804092 0.000000
0.000000 0.000000 1.000000 0.000000

# oST version 5.0 parameters


[image]

width
1276

height
1022

[narrow_stereo/right]

camera matrix
835.757978 0.000000 616.068510
0.000000 836.467454 514.625467
0.000000 0.000000 1.000000

distortion
-0.221963 0.085736 -0.000429 -0.000114 0.000000

rectification
0.976177 0.200577 0.082745
-0.200604 0.979639 -0.008081
-0.082681 -0.008711 0.996538

projection
1127.280555 0.000000 517.654781 -42.953287
0.000000 1127.280555 515.804092 0.000000
0.000000 0.000000 1.000000 0.000000

