# oST version 5.0 parameters


[image]

width
1276

height
1022

[narrow_stereo/left]

camera matrix
834.765849 0.000000 629.686819
0.000000 835.236092 487.826626
0.000000 0.000000 1.000000

distortion
-0.216812 0.079775 -0.000633 -0.000534 0.000000

rectification
0.988507 -0.143870 0.046435
0.144013 0.989576 0.000272
-0.045990 0.006419 0.998921

projection
954.762767 0.000000 561.724789 0.000000
0.000000 954.762767 493.584061 0.000000
0.000000 0.000000 1.000000 0.000000

# oST version 5.0 parameters


[image]

width
1276

height
1022

[narrow_stereo/right]

camera matrix
833.969699 0.000000 617.506804
0.000000 834.366743 514.365792
0.000000 0.000000 1.000000

distortion
-0.219182 0.082633 -0.000122 -0.000616 0.000000

rectification
0.987002 -0.149346 0.059347
0.149162 0.988784 0.007547
-0.059809 0.001403 0.998209

projection
954.762767 0.000000 561.724789 -30.047986
0.000000 954.762767 493.584061 0.000000
0.000000 0.000000 1.000000 0.000000

