# oST version 5.0 parameters


[image]

width
1276

height
1022

[narrow_stereo/left]

camera matrix
838.623263 0.000000 635.887211
0.000000 839.071060 492.641394
0.000000 0.000000 1.000000

distortion
-0.220685 0.086017 0.000287 0.000391 0.000000

rectification
0.994750 -0.090329 0.048092
0.090516 0.995894 -0.001714
-0.047739 0.006059 0.998841

projection
871.209582 0.000000 572.632923 0.000000
0.000000 871.209582 504.115269 0.000000
0.000000 0.000000 1.000000 0.000000

# oST version 5.0 parameters


[image]

width
1276

height
1022

[narrow_stereo/right]

camera matrix
836.607830 0.000000 623.834742
0.000000 837.041424 520.573733
0.000000 0.000000 1.000000

distortion
-0.221158 0.086519 0.000703 0.000192 0.000000

rectification
0.994442 -0.091987 0.051226
0.091786 0.995759 0.006254
-0.051584 -0.001518 0.998668

projection
871.209582 0.000000 572.632923 -41.453988
0.000000 871.209582 504.115269 0.000000
0.000000 0.000000 1.000000 0.000000

