# oST version 5.0 parameters


[image]

width
1276

height
1022

[narrow_stereo/left]

camera matrix
831.558375 0.000000 621.700911
0.000000 833.856059 489.305179
0.000000 0.000000 1.000000

distortion
-0.227895 0.091119 -0.001380 -0.003468 0.000000

rectification
0.986963 0.133484 0.089923
-0.133535 0.991029 -0.005480
-0.089848 -0.006600 0.995934

projection
984.756026 0.000000 512.007317 0.000000
0.000000 984.756026 512.421299 0.000000
0.000000 0.000000 1.000000 0.000000

# oST version 5.0 parameters


[image]

width
1276

height
1022

[narrow_stereo/right]

camera matrix
829.473100 0.000000 610.008964
0.000000 831.638843 515.478110
0.000000 0.000000 1.000000

distortion
-0.224846 0.085721 -0.000883 -0.003320 0.000000

rectification
0.988390 0.133034 0.073395
-0.132993 0.991102 -0.005472
-0.073470 -0.004352 0.997288

projection
984.756026 0.000000 512.007317 -51.315480
0.000000 984.756026 512.421299 0.000000
0.000000 0.000000 1.000000 0.000000

